NP stands for not printable char

ASCII		Symbol		Count		Probability
10			NP			20			0.00524109
32			 			620			0.16247379
46			.			83			0.02175052
65			A			8			0.00209644
66			B			2			0.00052411
67			C			3			0.00078616
68			D			4			0.00104822
69			E			1			0.00026205
71			G			1			0.00026205
72			H			4			0.00104822
73			I			3			0.00078616
74			J			1			0.00026205
76			L			3			0.00078616
77			M			5			0.00131027
78			N			5			0.00131027
79			O			6			0.00157233
80			P			7			0.00183438
82			R			2			0.00052411
83			S			11			0.00288260
84			T			7			0.00183438
86			V			1			0.00026205
87			W			8			0.00209644
89			Y			1			0.00026205
96			`			4			0.00104822
97			a			204			0.05345912
98			b			44			0.01153040
99			c			81			0.02122642
100			d			160			0.04192872
101			e			436			0.11425577
102			f			49			0.01284067
103			g			63			0.01650943
104			h			99			0.02594340
105			i			237			0.06210692
106			j			6			0.00157233
107			k			14			0.00366876
108			l			155			0.04061845
109			m			79			0.02070231
110			n			232			0.06079665
111			o			193			0.05057652
112			p			73			0.01912998
113			q			7			0.00183438
114			r			187			0.04900419
115			s			219			0.05738994
116			t			203			0.05319706
117			u			86			0.02253669
118			v			40			0.01048218
119			w			59			0.01546122
120			x			12			0.00314465
121			y			67			0.01755765
122			z			1			0.00026205

Entropy = 4.36359962