NP stands for not printable char

ASCII		Symbol		Huffman Code
121			y			0000000
44			,			0000001
99			c			000001
68			D			00001000000
33			!			0000100000100
75			K			0000100000101
86			V			000010000011
69			E			0000100001
71			G			00001000100
59			;			00001000101
72			H			0000100011
120			x			0000100100
52			4			00001001010
51			3			00001001011
87			W			0000100110
53			5			00001001110
57			9			00001001111
98			b			0000101
117			u			000011
104			h			00010
46			.			0001100
54			6			00011010000
106			j			00011010001
95			_			0001101001
113			q			00011010100
55			7			00011010101
78			N			0001101011
41			)			000110110000
40			(			000110110001
47			/			0001101100100000
43			+			0001101100100001
9			NA			000110110010001000
37			%			0001101100100010010
62			>			000110110010001001100
60			<			000110110010001001101
94			^			00011011001000100111
38			&			000110110010001010
64			@			0001101100100010110
126			~			00011011001000101110
96			`			00011011001000101111
90			Z			0001101100100011
88			X			00011011001001
124			|			0001101100101
58			:			000110110011
77			M			0001101101
65			A			000110111
102			f			000111
32			 			001
116			t			0100
109			m			010100
10			NA			010101
82			R			0101100000
80			P			0101100001
83			S			010110001
48			0			0101100100
85			U			01011001010
63			?			01011001011
39			'			0101100110
79			O			0101100111
118			v			0101101
112			p			010111
97			a			0110
100			d			01110
108			l			01111
111			o			1000
110			n			1001
107			k			10100000
73			I			10100001
66			B			1010001000
122			z			10100010010
35			#			10100010011000
42			*			10100010011001
93			]			1010001001101
91			[			1010001001110
81			Q			10100010011110
36			$			10100010011111
49			1			101000101
34			"			10100011
103			g			101001
119			w			101010
70			F			1010110000
56			8			1010110001
67			C			101011001
89			Y			10101101000
74			J			10101101001
50			2			1010110101
61			=			1010110110
76			L			1010110111
45			-			10101110
84			T			10101111
105			i			1011
115			s			1100
114			r			1101
101			e			111
