46
000000
99
000001
100
00001
108
00010
109
000110
118
0001110
10
00011110
78
0001111100
77
0001111101
68
0001111110
89
000111111100
86
000111111101
71
000111111110
69
000111111111
32
001
112
010000
121
010001
103
010010
87
010011000
96
010011001000
74
010011001001
82
01001100101
72
0100110011
65
010011010
84
010011011
113
010011100
80
010011101
107
01001111
105
0101
110
0110
115
0111
101
100
119
101000
102
101001
104
10101
97
1011
116
1100
111
1101
114
1110
106
111100000
79
111100001
120
11110001
76
1111001000
67
1111001001
66
11110010100
122
11110010101
73
1111001011
83
11110011
98
111101
117
11111
