NP stands for not printable char

ASCII		Symbol		Count		Probability
10			NP			436			0.00504811
32			 			13684			0.15843648
46			.			1816			0.02102606
65			A			204			0.00236196
66			B			58			0.00067154
67			C			74			0.00085679
68			D			108			0.00125045
69			E			84			0.00097257
70			F			54			0.00062522
71			G			40			0.00046313
72			H			114			0.00131992
73			I			130			0.00150517
74			J			10			0.00011578
75			K			8			0.00009263
76			L			52			0.00060207
77			M			102			0.00118098
78			N			66			0.00076416
79			O			108			0.00125045
80			P			88			0.00101888
82			R			68			0.00078732
83			S			172			0.00199146
84			T			96			0.00111151
85			U			16			0.00018525
86			V			8			0.00009263
87			W			118			0.00136623
89			Y			38			0.00043997
96			`			1			0.00001158
97			a			4748			0.05497343
98			b			858			0.00993412
99			c			1984			0.02297120
100			d			3538			0.04096377
101			e			9486			0.10983107
102			f			1322			0.01530642
103			g			1478			0.01711262
104			h			2254			0.02609733
105			i			5258			0.06087832
106			j			200			0.00231565
107			k			360			0.00416816
108			l			2932			0.03394737
109			m			1972			0.02283227
110			n			5390			0.06240665
111			o			4928			0.05705751
112			p			1626			0.01882620
113			q			114			0.00131992
114			r			4476			0.05182415
115			s			4836			0.05599231
116			t			4984			0.05770589
117			u			2050			0.02373537
118			v			884			0.01023515
119			w			1162			0.01345390
120			x			260			0.00301034
121			y			1494			0.01729787
122			z			22			0.00025472

Entropy = 4.36860906